id,EAP,HPL,MWS
id02310,0.001409,0.000000,0.998591
id24541,0.999990,0.000000,0.000009
id00134,0.002514,0.997486,0.000000
id27757,0.999998,0.000002,0.000000
id04081,0.996115,0.000000,0.003885
id27337,0.001585,0.998415,0.000000
id24265,0.843591,0.155647,0.000761
id25917,0.591487,0.262730,0.145783
id04951,1.000000,0.000000,0.000000
id14549,0.999952,0.000000,0.000048
id22505,0.047780,0.001775,0.950445
id24002,0.003520,0.996480,0.000000
id18982,0.008306,0.991673,0.000021
id15181,0.001752,0.998248,0.000000
id21888,0.298216,0.000000,0.701784
id12035,0.000001,0.000000,0.999999
id17991,0.024968,0.000000,0.975032
id10707,1.000000,0.000000,0.000000
id07101,0.005945,0.000001,0.994054
id00345,0.076065,0.922858,0.001077
id05912,0.999683,0.000000,0.000316
id13443,0.881043,0.000052,0.118906
id09248,0.207934,0.273729,0.518337
id17542,0.004124,0.995876,0.000000
id06995,0.001731,0.000000,0.998269
id25159,0.008624,0.000000,0.991376
id25729,0.089430,0.000257,0.910313
id26949,0.990731,0.007911,0.001358
id27191,0.391451,0.000000,0.608549
id07668,0.000143,0.000000,0.999857
id02230,0.000099,0.000000,0.999901
id15553,1.000000,0.000000,0.000000
id25688,0.002325,0.997675,0.000000
id17545,1.000000,0.000000,0.000000
id13929,0.872882,0.055689,0.071429
id12880,0.990936,0.007753,0.001311
id19282,0.275832,0.227650,0.496518
id14690,0.000073,0.000000,0.999927
id17975,0.006615,0.993382,0.000003
id08037,0.999112,0.000069,0.000819
id15412,0.000028,0.000000,0.999972
id25032,0.320770,0.000013,0.679217
id27165,1.000000,0.000000,0.000000
id03327,1.000000,0.000000,0.000000
id18515,1.000000,0.000000,0.000000
id21003,0.721340,0.000001,0.278660
id23855,0.005604,0.994395,0.000001
id20724,0.260099,0.735320,0.004580
id13303,0.999540,0.000033,0.000427
id16521,0.005236,0.000001,0.994764
id20775,1.000000,0.000000,0.000000
id13029,0.961534,0.038466,0.000000
id14660,0.999985,0.000014,0.000000
id11028,0.000015,0.000000,0.999985
id14180,1.000000,0.000000,0.000000
id25860,1.000000,0.000000,0.000000
id11910,0.974930,0.000024,0.025046
id08065,0.003385,0.000000,0.996615
id22674,0.000926,0.000000,0.999074
id25018,0.001007,0.000000,0.998993
id10892,0.007799,0.992197,0.000003
id10217,0.991474,0.008523,0.000003
id12996,0.771113,0.023187,0.205700
id18262,0.967784,0.000002,0.032215
id08606,0.004290,0.995710,0.000000
id17233,0.987977,0.005845,0.006177
id00101,0.556538,0.443414,0.000049
id12225,0.964145,0.034285,0.001570
id01364,0.032588,0.967292,0.000121
id24973,0.000331,0.000000,0.999669
id25363,0.996200,0.000000,0.003800
id10061,0.002064,0.000000,0.997936
id17673,0.961781,0.006388,0.031830
id13249,0.000062,0.000000,0.999938
id10107,0.000173,0.000000,0.999827
id04403,0.998014,0.000000,0.001986
id25728,0.999562,0.000000,0.000438
id16184,0.114591,0.031237,0.854172
id03438,0.000135,0.000000,0.999865
id22923,0.003074,0.996926,0.000000
id08610,0.999973,0.000001,0.000026
id25355,0.001851,0.000000,0.998149
id16916,0.999993,0.000007,0.000000
id12793,0.995760,0.004240,0.000000
id11859,0.999694,0.000000,0.000306
id02434,1.000000,0.000000,0.000000
id27703,0.000476,0.000000,0.999524
id25212,0.004997,0.995002,0.000000
id11308,0.239182,0.422886,0.337932
id26094,0.999995,0.000005,0.000000
id22080,0.999972,0.000028,0.000000
id03545,0.346174,0.653471,0.000354
id23725,0.000379,0.000000,0.999621
id12009,0.999417,0.000583,0.000000
id24241,0.703758,0.008618,0.287624
id03596,0.005875,0.994123,0.000001
id10749,0.254996,0.059641,0.685363
id22794,0.000518,0.000000,0.999482
id15482,0.412008,0.585895,0.002097
id04833,0.133994,0.847445,0.018561
id00397,0.000000,0.000000,1.000000
id14691,0.000886,0.000000,0.999114
id05193,0.000387,0.000000,0.999613
id19541,0.999602,0.000000,0.000398
id22166,0.000004,0.000000,0.999996
id20744,0.000020,0.000000,0.999980
id10392,0.000001,0.000000,0.999999
id00770,0.999996,0.000000,0.000004
id06018,0.085874,0.909846,0.004280
id15678,0.000341,0.000000,0.999659
id08305,0.811950,0.188036,0.000014
id08903,0.999800,0.000002,0.000198
id14752,1.000000,0.000000,0.000000
id12468,0.097225,0.902775,0.000000
id05085,0.859507,0.140428,0.000066
id21993,0.005724,0.000001,0.994276
id15503,0.998923,0.001077,0.000000
id03021,0.002850,0.997150,0.000000
id16123,1.000000,0.000000,0.000000
id19383,1.000000,0.000000,0.000000
id04186,1.000000,0.000000,0.000000
id17954,0.000001,0.000000,0.999999
id12030,0.000467,0.000000,0.999533
id13020,0.986177,0.013822,0.000001
id25327,0.005410,0.994590,0.000001
id16344,0.026328,0.000203,0.973468
id12303,0.074031,0.925969,0.000000
id15017,0.999994,0.000006,0.000000
id22308,0.001459,0.000000,0.998541
id06536,0.016816,0.000041,0.983143
id19797,0.004022,0.995978,0.000000
id06332,0.888526,0.111181,0.000293
id22941,0.089939,0.691864,0.218196
id13547,0.107387,0.000449,0.892164
id06928,0.000001,0.000000,0.999999
id12521,0.005074,0.994926,0.000000
id25716,1.000000,0.000000,0.000000
id27116,0.000000,0.000000,1.000000
id19941,0.329806,0.670193,0.000001
id05711,0.001126,0.000000,0.998874
id02097,0.001136,0.000000,0.998864
id03563,0.004575,0.995424,0.000000
id02295,0.004408,0.995592,0.000000
id08179,1.000000,0.000000,0.000000
id05332,0.005430,0.994569,0.000001
id15697,0.011612,0.000011,0.988377
id17026,0.998499,0.000085,0.001416
id04243,0.999810,0.000186,0.000004
id13175,1.000000,0.000000,0.000000
id05387,0.999483,0.000001,0.000516
id19989,0.999792,0.000007,0.000201
id25173,0.000076,0.000000,0.999924
id08925,0.001973,0.998027,0.000000
id03034,0.007745,0.992243,0.000012
id13272,0.004587,0.995412,0.000000
id07956,1.000000,0.000000,0.000000
id02648,0.000403,0.000000,0.999597
id01778,0.001594,0.000000,0.998406
id12846,0.000006,0.000000,0.999994
id19001,0.005206,0.000001,0.994793
id05763,0.992918,0.000000,0.007082
id15590,0.000029,0.000000,0.999971
id04912,0.005013,0.994987,0.000000
id21201,0.996004,0.000001,0.003996
id13215,0.999999,0.000000,0.000001
id15612,0.007642,0.992347,0.000010
id18501,0.000069,0.000000,0.999931
id07223,0.964549,0.035435,0.000015
id06707,0.814797,0.143160,0.042043
id05238,0.002400,0.997600,0.000000
id00935,0.016793,0.000040,0.983166
id00110,0.031873,0.000405,0.967722
id17476,0.999986,0.000012,0.000002
id15170,1.000000,0.000000,0.000000
id13397,0.974937,0.013148,0.011915
id24283,0.905060,0.094940,0.000000
id15234,0.407517,0.592483,0.000000
id16884,0.768342,0.228636,0.003022
id07831,0.007096,0.992899,0.000006
id16038,0.999997,0.000003,0.000000
id03629,1.000000,0.000000,0.000000
id21019,0.999026,0.000910,0.000064
id21835,0.999941,0.000008,0.000051
id04480,0.003667,0.996333,0.000000
id20838,0.915973,0.084027,0.000000
id24195,0.052857,0.946181,0.000962
id05448,0.999982,0.000017,0.000001
id15957,0.003460,0.996540,0.000000
id19956,0.000035,0.000000,0.999965
id15104,0.000121,0.000000,0.999879
id17559,0.153423,0.846426,0.000151
id16839,0.004409,0.000000,0.995590
id14493,0.044784,0.000000,0.955216
id08833,0.007399,0.000000,0.992601
id15723,0.008509,0.000004,0.991487
id02716,0.452910,0.547090,0.000000
id06689,0.005442,0.994558,0.000000
id18837,0.008226,0.000003,0.991771
id04466,0.998811,0.000765,0.000424
id00686,0.999969,0.000000,0.000031
id09010,0.999964,0.000036,0.000000
id23353,0.999990,0.000000,0.000010
id00066,0.119506,0.880494,0.000000
id15724,0.234360,0.765607,0.000033
id23486,0.000001,0.000000,0.999999
id22258,0.000662,0.000000,0.999338
id02292,0.388506,0.321346,0.290148
id16356,0.001564,0.000000,0.998436
id00235,0.062405,0.004784,0.932811
id25522,0.000776,0.000000,0.999224
id04204,0.006222,0.993776,0.000002
id22016,0.450299,0.013404,0.536297
id06480,0.006914,0.993081,0.000005
id08718,0.000272,0.000000,0.999728
id05251,0.004416,0.995583,0.000000
id03359,0.014267,0.000023,0.985711
id16117,0.000077,0.000000,0.999923
id17000,0.005304,0.994696,0.000001
id01730,0.006010,0.993988,0.000001
id00630,0.984002,0.015997,0.000000
id18175,0.000474,0.000000,0.999526
id00907,0.999917,0.000000,0.000083
id18251,0.013364,0.986591,0.000046
id25861,0.827137,0.010623,0.162240
id00398,0.826571,0.173421,0.000007
id27573,0.713335,0.000000,0.286665
id10022,0.031093,0.967610,0.001298
id15901,0.982994,0.000000,0.017006
id00451,0.000504,0.000000,0.999496
id23129,0.004578,0.995422,0.000000
id26498,0.650410,0.011602,0.337988
id14741,0.290619,0.008605,0.700777
id18453,0.000236,0.000000,0.999764
id08309,0.999999,0.000001,0.000000
id00320,1.000000,0.000000,0.000000
id07688,0.275972,0.226089,0.497939
id01556,0.000000,0.000000,1.000000
id00178,0.999657,0.000343,0.000000
id18902,0.001711,0.000000,0.998289
id27002,0.413033,0.586940,0.000027
id21418,1.000000,0.000000,0.000000
id23018,0.703556,0.295619,0.000825
id07032,0.051223,0.947364,0.001413
id16195,0.759366,0.000001,0.240634
id11202,0.057439,0.940351,0.002210
id09578,0.105136,0.004628,0.890236
id26984,0.000000,0.000000,1.000000
id19856,0.002535,0.997465,0.000000
id12086,0.840015,0.000340,0.159645
id12052,0.000114,0.000000,0.999886
id17728,0.002928,0.000000,0.997072
id24608,0.000376,0.000000,0.999624
id21097,0.762715,0.145030,0.092255
id20179,0.000104,0.000000,0.999896
id15144,0.006843,0.993152,0.000004
id00206,0.999804,0.000017,0.000179
id22285,0.000020,0.000000,0.999980
id06417,0.005364,0.994636,0.000001
id00215,0.004824,0.995176,0.000000
id04201,0.019296,0.000067,0.980638
id21771,0.537737,0.462263,0.000000
id12451,0.074169,0.009208,0.916623
id14250,0.014357,0.985468,0.000174
id03433,0.090569,0.904389,0.005042
id03303,0.023366,0.000000,0.976634
id25901,0.198963,0.237376,0.563662
id06945,0.999999,0.000000,0.000001
id05664,0.997638,0.002361,0.000000
id05741,0.999994,0.000006,0.000000
id10652,0.999979,0.000015,0.000006
id16300,0.003525,0.996475,0.000000
id12319,0.018699,0.000000,0.981301
id07500,0.001628,0.998372,0.000000
id12478,0.194857,0.239586,0.565557
id03076,0.002152,0.000000,0.997848
id00969,0.506269,0.478714,0.015017
id23636,0.004053,0.995947,0.000000
id09791,0.070169,0.007450,0.922381
id05680,0.018486,0.981329,0.000185
id03672,0.149344,0.842419,0.008237
id04286,0.013984,0.985260,0.000756
id23883,0.066924,0.006226,0.926850
id11914,0.772576,0.000016,0.227408
id20974,0.002776,0.997224,0.000000
id26125,0.001457,0.000000,0.998543
id15543,0.000899,0.000000,0.999101
id19471,1.000000,0.000000,0.000000
id11503,0.999893,0.000107,0.000000
id09321,0.006044,0.993954,0.000002
id25560,0.000107,0.000000,0.999893
id06726,0.030050,0.000328,0.969623
id05709,0.999999,0.000000,0.000001
id09788,0.070770,0.002025,0.927205
id05289,0.999343,0.000657,0.000000
id11815,0.004051,0.995949,0.000000
id22422,0.077138,0.896438,0.026423
id25954,0.999989,0.000000,0.000011
id13601,0.286566,0.713316,0.000118
id05677,0.965989,0.000000,0.034011
id10498,0.003358,0.996642,0.000000
id02665,0.796983,0.203016,0.000001
id10114,0.007004,0.992990,0.000005
id26314,0.998120,0.000000,0.001880
id21240,0.025271,0.974616,0.000113
id15569,0.960484,0.000000,0.039516
id25928,0.081298,0.013134,0.905568
id22706,0.005461,0.994538,0.000001
id20877,0.007145,0.992849,0.000006
id04318,1.000000,0.000000,0.000000
id18299,0.009035,0.990924,0.000041
id08126,0.000011,0.000000,0.999989
id14293,0.998808,0.000000,0.001192
id12759,0.009344,0.000005,0.990651
id11983,0.122848,0.876955,0.000197
id05580,0.002470,0.997530,0.000000
id25846,0.059917,0.936207,0.003876
id01939,0.054295,0.000000,0.945705
id26327,0.027109,0.000226,0.972665
id11068,0.000011,0.000000,0.999989
id08404,1.000000,0.000000,0.000000
id27189,0.479864,0.520136,0.000000
id15119,0.006411,0.993586,0.000002
id26525,0.999841,0.000000,0.000159
id03618,0.999444,0.000459,0.000097
id27220,0.999963,0.000000,0.000037
id18777,0.026352,0.000204,0.973444
id20213,0.998781,0.000557,0.000661
id20403,0.976449,0.023550,0.000001
id03777,0.000083,0.000000,0.999917
id10595,0.299366,0.698976,0.001658
id13816,0.099745,0.000000,0.900255
id05667,0.000003,0.000000,0.999997
id24629,0.613943,0.386057,0.000000
id20398,0.002496,0.000000,0.997504
id14108,0.000267,0.000000,0.999733
id06196,0.002760,0.997240,0.000000
id02800,0.010992,0.988803,0.000206
id18732,0.002003,0.997997,0.000000
id11915,0.003450,0.996550,0.000000
id09739,0.895501,0.104113,0.000385
id24672,0.999988,0.000000,0.000012
id00414,0.000641,0.000000,0.999359
id16307,0.999175,0.000724,0.000101
id14043,0.003619,0.000000,0.996381
id00517,0.000000,0.000000,1.000000
id09744,0.404640,0.595360,0.000000
id19257,0.007915,0.992083,0.000003
id15437,0.957484,0.042516,0.000000
id16352,0.002321,0.000000,0.997679
id18849,0.000378,0.000000,0.999622
id19434,0.003042,0.996958,0.000000
id17928,0.000585,0.000000,0.999415
id16896,0.000165,0.000000,0.999835
id02135,0.030380,0.969298,0.000323
id15075,0.987521,0.008601,0.003877
id27486,0.004060,0.995940,0.000000
id19422,0.999992,0.000008,0.000000
id09603,0.008618,0.991354,0.000028
id02133,0.806702,0.154743,0.038555
id03441,0.046213,0.000000,0.953787
id02398,0.007887,0.992099,0.000013
id05152,0.001172,0.000000,0.998828
id17838,0.957023,0.000001,0.042976
id25060,0.947376,0.026590,0.026034
id09998,0.050295,0.002145,0.947561
id01828,0.377240,0.544587,0.078173
id25377,0.996355,0.000012,0.003633
id22175,0.002035,0.997965,0.000000
id02974,0.003056,0.000000,0.996944
id26955,1.000000,0.000000,0.000000
id21091,1.000000,0.000000,0.000000
id12802,0.999799,0.000059,0.000142
id07432,0.005582,0.994417,0.000001
id18749,0.797358,0.128102,0.074540
id15030,0.002650,0.000000,0.997350
id17155,0.008748,0.991221,0.000032
id08128,0.104758,0.843996,0.051246
id25706,0.015729,0.000032,0.984239
id15645,0.999581,0.000419,0.000000
id04943,0.999698,0.000302,0.000000
id27566,0.000006,0.000000,0.999994
id11765,0.000524,0.000000,0.999476
id13783,0.999492,0.000453,0.000055
id00492,0.001814,0.000000,0.998186
id27636,0.001841,0.000000,0.998159
id04273,0.996079,0.003910,0.000012
id02537,0.031594,0.000393,0.968013
id24349,0.912236,0.087764,0.000000
id00023,0.003867,0.996133,0.000000
id23025,0.003699,0.996301,0.000000
id08722,0.998127,0.000000,0.001873
id02420,1.000000,0.000000,0.000000
id10811,0.953738,0.000000,0.046262
id04019,0.000688,0.000000,0.999312
id18334,0.999895,0.000105,0.000000
id16781,0.073921,0.923370,0.002709
id08773,0.574469,0.003562,0.421969
id19214,0.859279,0.078847,0.061874
id09589,0.278212,0.246927,0.474861
id24246,0.999435,0.000565,0.000000
id23577,0.375863,0.624137,0.000000
id09305,0.867766,0.000000,0.132234
id16460,0.007446,0.000000,0.992554
id21115,0.999999,0.000001,0.000000
id25996,0.060795,0.004338,0.934867
id02551,0.002796,0.000000,0.997204
id19352,0.000010,0.000000,0.999990
id03806,0.022182,0.000110,0.977709
id26544,1.000000,0.000000,0.000000
id18761,1.000000,0.000000,0.000000
id24148,0.004689,0.995311,0.000000
id16095,0.007794,0.992203,0.000004
id18442,0.993368,0.000006,0.006626
id22596,0.000000,0.000000,1.000000
id23002,0.000307,0.000000,0.999693
id04797,0.999994,0.000006,0.000000
id06610,0.000073,0.000000,0.999927
id16173,0.086040,0.898401,0.015559
id18292,0.059097,0.000076,0.940827
id27328,1.000000,0.000000,0.000000
id01695,0.005528,0.994472,0.000001
id05761,0.906331,0.000000,0.093669
id16354,0.999996,0.000000,0.000004
id12207,0.025759,0.000188,0.974053
id05665,0.000042,0.000000,0.999958
id01911,0.999305,0.000695,0.000000
id19153,0.002960,0.000000,0.997040
id10295,0.015686,0.000032,0.984283
id23038,0.999999,0.000001,0.000000
id23783,0.165991,0.834008,0.000000
id27879,0.002811,0.997189,0.000000
id19190,0.004039,0.995961,0.000000
id05065,0.001294,0.000000,0.998706
id21296,0.074104,0.925222,0.000674
id13262,0.003680,0.000000,0.996320
id10333,0.995342,0.000026,0.004631
id16677,0.672281,0.327706,0.000013
id01392,0.556149,0.000723,0.443129
id27874,0.999992,0.000007,0.000001
id02294,0.003932,0.996068,0.000000
id18298,0.000019,0.000000,0.999981
id06997,0.999685,0.000000,0.000315
id05243,0.305130,0.006613,0.688257
id00860,0.398726,0.497935,0.103339
id26681,0.999981,0.000019,0.000000
id06020,0.000001,0.000000,0.999999
id27683,0.999898,0.000002,0.000101
id17655,0.003856,0.996144,0.000000
id08817,0.001566,0.000000,0.998434
id11512,0.014313,0.000023,0.985664
id00478,0.061050,0.004406,0.934543
id02116,0.999993,0.000001,0.000006
id06746,0.861548,0.000016,0.138436
id03863,0.036325,0.963349,0.000326
id01802,0.105896,0.038619,0.855485
id11682,0.999687,0.000000,0.000313
id04033,0.005356,0.994643,0.000001
id09286,0.010166,0.989821,0.000013
id12904,0.937243,0.062751,0.000006
id07420,0.000288,0.000000,0.999712
id22398,0.003448,0.996552,0.000000
id00424,0.000005,0.000000,0.999995
id20960,0.999993,0.000006,0.000001
id10267,0.999977,0.000007,0.000016
id19330,0.948391,0.000000,0.051609
id00994,0.006021,0.993978,0.000001
id10785,0.037887,0.961605,0.000508
id00955,0.020209,0.979656,0.000135
id09757,0.003111,0.996889,0.000000
id10030,0.025942,0.000001,0.974057
id22952,0.033153,0.000468,0.966379
id21955,0.000068,0.000000,0.999932
id07674,0.030382,0.000341,0.969277
id13760,0.002553,0.997447,0.000000
id18166,0.999994,0.000000,0.000006
id23498,0.999918,0.000035,0.000047
id05296,1.000000,0.000000,0.000000
id26709,0.853039,0.000162,0.146799
id02853,1.000000,0.000000,0.000000
id06800,0.088445,0.018317,0.893238
id14758,0.988839,0.011161,0.000000
id12356,1.000000,0.000000,0.000000
id21492,0.996878,0.000005,0.003117
id27540,0.992035,0.000002,0.007963
id07376,0.009483,0.990510,0.000007
id15201,0.992718,0.007036,0.000246
id23388,0.105595,0.870599,0.023806
id13923,0.005047,0.994953,0.000000
id00794,0.004489,0.995511,0.000000
id23910,0.000873,0.000000,0.999127
id02556,0.001083,0.000000,0.998917
id22151,0.002414,0.997586,0.000000
id11698,0.042731,0.954774,0.002495
id11627,0.999247,0.000011,0.000742
id06340,1.000000,0.000000,0.000000
id05123,1.000000,0.000000,0.000000
id26620,0.000174,0.000000,0.999826
id04002,0.010721,0.000008,0.989271
id26554,0.010868,0.000009,0.989124
id18012,0.901445,0.093763,0.004792
id12964,0.000673,0.000000,0.999327
id18965,0.081163,0.915225,0.003611
id19082,0.272659,0.256592,0.470749
id26742,0.000044,0.000000,0.999956
id15442,0.998893,0.001006,0.000101
id16647,0.999825,0.000000,0.000175
id11544,0.019892,0.000074,0.980034
id20581,0.004516,0.000000,0.995483
id13192,0.997273,0.001791,0.000937
id15814,0.956385,0.021930,0.021685
id26279,0.008931,0.991069,0.000000
id00240,1.000000,0.000000,0.000000
id22836,1.000000,0.000000,0.000000
id15085,0.057259,0.936625,0.006116
id17495,0.879420,0.000000,0.120580
id26762,0.984197,0.000002,0.015800
id13685,1.000000,0.000000,0.000000
id16560,0.006696,0.993301,0.000004
id17184,0.002127,0.997873,0.000000
id21635,1.000000,0.000000,0.000000
id26751,0.011821,0.988179,0.000000
id12351,0.994360,0.004838,0.000801
id14872,0.054043,0.943575,0.002383
id18372,0.989980,0.000000,0.010020
id26851,0.986341,0.013631,0.000029
id22659,0.999376,0.000623,0.000001
id04102,0.000006,0.000000,0.999994
id02353,0.003856,0.996144,0.000000
id26721,1.000000,0.000000,0.000000
id11171,0.999979,0.000006,0.000015
id13562,0.999922,0.000033,0.000045
id26425,0.999871,0.000000,0.000129
id26394,0.469068,0.002943,0.527989
id22187,0.335999,0.108722,0.555279
id00422,1.000000,0.000000,0.000000
id22667,0.000877,0.999123,0.000000
id00911,0.999997,0.000000,0.000003
id17291,0.999997,0.000000,0.000003
id01915,0.007803,0.000003,0.992195
id01434,0.000169,0.000000,0.999831
id01584,0.926327,0.068373,0.005300
id09266,0.999843,0.000000,0.000157
id17494,0.011280,0.988641,0.000079
id24919,0.116833,0.001061,0.882106
id21043,0.000069,0.000000,0.999931
id17796,0.004751,0.995249,0.000000
id02166,0.921221,0.000000,0.078779
id17503,0.024957,0.000000,0.975043
id21203,0.785961,0.000264,0.213775
id25626,1.000000,0.000000,0.000000
id09836,1.000000,0.000000,0.000000
id24202,0.001756,0.000000,0.998244
id27260,0.003405,0.000000,0.996595
id23167,0.000004,0.000000,0.999996
id10393,0.003620,0.996380,0.000000
id01171,0.999999,0.000001,0.000000
id06380,1.000000,0.000000,0.000000
id22686,0.000002,0.000000,0.999998
id26250,0.559632,0.000000,0.440368
id09315,0.221457,0.660846,0.117697
id00886,0.017833,0.981739,0.000428
id03101,0.693628,0.194387,0.111985
id12367,0.000286,0.000000,0.999714
id10770,0.999981,0.000007,0.000012
id14949,0.004437,0.995563,0.000000
id14141,0.002522,0.997478,0.000000
id25417,0.007172,0.992821,0.000006
id26873,0.975051,0.000000,0.024949
id10818,0.000036,0.000000,0.999964
id15146,0.999988,0.000000,0.000012
id23328,0.999905,0.000095,0.000000
id16765,0.108462,0.870499,0.021039
id24383,0.234954,0.000000,0.765046
id21304,0.070673,0.929327,0.000000
id12551,0.004576,0.995424,0.000000
id23274,0.018605,0.000058,0.981337
id08117,0.999977,0.000017,0.000006
id23961,0.999448,0.000412,0.000140
id13865,0.003349,0.996651,0.000000
id22807,0.997741,0.000598,0.001661
id08951,0.091164,0.020683,0.888153
id18684,1.000000,0.000000,0.000000
id25179,0.194610,0.000912,0.804478
id27033,0.356938,0.000000,0.643062
id13977,0.062072,0.936329,0.001599
id19337,0.003764,0.996235,0.000000
id25764,0.002460,0.997540,0.000000
id16106,0.017022,0.000042,0.982935
id05468,0.000011,0.000000,0.999989
id05241,1.000000,0.000000,0.000000
id10215,0.999885,0.000003,0.000113
id23457,0.001163,0.000000,0.998837
id02200,1.000000,0.000000,0.000000
id13714,0.067211,0.931698,0.001091
id20332,0.000003,0.000000,0.999997
id18573,0.001292,0.000000,0.998708
id08569,1.000000,0.000000,0.000000
id22767,0.901205,0.005006,0.093789
id25390,0.007473,0.992518,0.000009
id09288,0.999933,0.000003,0.000065
id12381,0.906593,0.000000,0.093407
id02895,0.000523,0.000000,0.999477
id25270,0.000001,0.000000,0.999999
id14248,0.015203,0.000004,0.984793
id12831,0.999937,0.000000,0.000063
id18305,0.131978,0.868021,0.000001
id07805,0.999999,0.000001,0.000000
id14027,0.963465,0.000001,0.036534
id02760,0.963709,0.036215,0.000076
id24362,1.000000,0.000000,0.000000
id17065,0.003984,0.996016,0.000000
id26583,0.011455,0.988427,0.000118
id19664,0.999998,0.000002,0.000000
id25145,1.000000,0.000000,0.000000
id17858,0.006324,0.993674,0.000002
id05148,0.033488,0.000485,0.966027
id22928,0.999870,0.000079,0.000051
id21549,0.000113,0.000000,0.999887
id12649,0.016412,0.983588,0.000000
id21597,0.999999,0.000000,0.000001
id27945,1.000000,0.000000,0.000000
id00243,0.999979,0.000000,0.000021
id02745,0.957231,0.000000,0.042769
id23550,0.001274,0.000000,0.998726
id13023,0.000178,0.000000,0.999822
id24796,0.001018,0.000000,0.998982
id12284,0.900504,0.012256,0.087240
id02664,0.002207,0.997793,0.000000
id23767,0.349484,0.650516,0.000000
id05859,0.003817,0.996183,0.000000
id14350,0.008642,0.000004,0.991354
id01191,0.343573,0.476522,0.179906
id17034,0.992152,0.001068,0.006780
id25292,0.999999,0.000000,0.000001
id22121,1.000000,0.000000,0.000000
id20872,1.000000,0.000000,0.000000
id17720,0.050153,0.949784,0.000062
id22658,0.007338,0.992655,0.000007
id09567,0.998495,0.001505,0.000000
id16445,0.945013,0.001798,0.053190
id08349,0.623627,0.014375,0.361999
id27437,0.050482,0.002174,0.947344
id03812,0.999879,0.000121,0.000000
id22304,0.504006,0.495526,0.000469
id04449,0.425210,0.313384,0.261406
id15605,0.000282,0.000000,0.999718
id01768,0.819658,0.000289,0.180054
id20019,0.073830,0.922564,0.003607
id09593,0.004864,0.995135,0.000000
id23179,0.346394,0.000000,0.653606
id21279,0.999958,0.000000,0.000042
id06711,0.000058,0.000000,0.999942
id14243,0.003902,0.996098,0.000000
id04839,0.003131,0.000000,0.996869
id17220,0.008403,0.991574,0.000023
id24177,0.000812,0.000000,0.999188
id20512,0.000878,0.000000,0.999122
id14036,0.003452,0.996548,0.000000
id25001,0.000030,0.000000,0.999970
id06175,0.007052,0.992943,0.000005
id24720,0.007505,0.992486,0.000009
id08070,0.999225,0.000775,0.000000
id18934,1.000000,0.000000,0.000000
id01338,0.003646,0.000000,0.996354
id19008,0.006782,0.993214,0.000004
id19632,0.821556,0.003014,0.175430
id26224,0.000049,0.000000,0.999951
id08219,0.999993,0.000000,0.000007
id24008,0.000000,0.000000,1.000000
id12475,0.109238,0.890648,0.000114
id05766,0.041161,0.001028,0.957811
id27386,0.069258,0.007089,0.923652
id12476,0.001555,0.998445,0.000000
id08311,0.007107,0.992887,0.000006
id04996,0.001821,0.998179,0.000000
id17350,0.004541,0.995458,0.000000
id05546,0.538618,0.453965,0.007417
id16504,0.450601,0.546643,0.002756
id05782,0.000077,0.000000,0.999923
id20560,1.000000,0.000000,0.000000
id14171,0.002054,0.000000,0.997946
id27461,0.156444,0.008772,0.834784
id03581,0.004463,0.000000,0.995537
id21847,0.630711,0.000000,0.369289
id11712,0.999995,0.000000,0.000004
id26738,0.045276,0.001457,0.953267
id13668,0.995866,0.004134,0.000000
id15114,1.000000,0.000000,0.000000
id20130,0.977774,0.010981,0.011245
id18331,0.970127,0.000000,0.029873
id24465,1.000000,0.000000,0.000000
id13539,0.007740,0.992256,0.000004
id27564,0.391689,0.608307,0.000003
id26043,0.000000,0.000000,1.000000
id04965,0.000000,0.000000,1.000000
id08645,0.015663,0.000032,0.984306
id26610,0.998166,0.000065,0.001769
id21737,0.992894,0.006745,0.000361
id25784,0.005703,0.994296,0.000001
id23030,0.005724,0.000001,0.994275
id16450,0.021551,0.978279,0.000170
id02161,0.075916,0.000000,0.924084
id25535,0.972643,0.000000,0.027357
id16566,0.215818,0.000000,0.784182
id05714,1.000000,0.000000,0.000000
id16524,0.999949,0.000002,0.000049
id23941,0.318638,0.357510,0.323852
id00831,0.000132,0.000000,0.999868
id18145,0.042749,0.001180,0.956071
id17227,1.000000,0.000000,0.000000
id09417,0.998269,0.000000,0.001731
id21307,0.999982,0.000016,0.000002
id05650,0.003662,0.996338,0.000000
id23901,0.995838,0.001968,0.002194
id05831,0.999790,0.000000,0.000210
id16708,0.997764,0.002193,0.000043
id02281,0.000572,0.000000,0.999428
id11599,0.012515,0.000000,0.987485
id18353,0.019519,0.980290,0.000190
id07413,0.999925,0.000071,0.000004
id15653,0.002049,0.997951,0.000000
id09715,0.000062,0.000000,0.999938
id05108,0.257243,0.742754,0.000002
id09537,0.033285,0.000474,0.966241
id27596,1.000000,0.000000,0.000000
id24255,0.000004,0.000000,0.999996
id05080,0.000002,0.000000,0.999998
id09484,0.999793,0.000000,0.000207
id14864,0.000001,0.000000,0.999999
id26836,0.998035,0.001965,0.000000
id07003,0.811693,0.188299,0.000008
id13750,0.006622,0.993375,0.000003
id21799,0.031782,0.000401,0.967817
id11285,1.000000,0.000000,0.000000
id04735,0.000003,0.000000,0.999997
id23049,0.000062,0.000000,0.999938
id05826,0.877339,0.119726,0.002935
id17916,0.305567,0.658493,0.035939
id14081,0.000630,0.000000,0.999370
id10527,0.000454,0.000000,0.999546
id16059,0.006073,0.993925,0.000002
id25542,1.000000,0.000000,0.000000
id05402,0.000002,0.000000,0.999998
id01927,0.999992,0.000000,0.000008
id27656,0.079796,0.012214,0.907991
id06708,0.273626,0.002109,0.724265
id03524,0.484321,0.382687,0.132992
id12297,0.447443,0.000000,0.552557
id03439,0.983261,0.016720,0.000020
id04587,0.004311,0.995688,0.000000
id25470,0.002638,0.997362,0.000000
id01212,0.982968,0.017031,0.000001
id13932,0.991578,0.001216,0.007206
id00124,0.000006,0.000000,0.999994
id01592,0.999899,0.000099,0.000002
id13461,0.067342,0.932569,0.000088
id24681,0.028435,0.000268,0.971297
id23245,0.000106,0.000000,0.999894
id14073,0.011246,0.000010,0.988745
id05172,0.999937,0.000000,0.000063
id21979,0.009208,0.000000,0.990792
id00328,0.000028,0.000000,0.999972
id26102,1.000000,0.000000,0.000000
id14867,0.174688,0.000000,0.825312
id27544,0.002909,0.997091,0.000000
id16228,0.999521,0.000000,0.000479
id16342,0.009317,0.990630,0.000053
id24933,1.000000,0.000000,0.000000
id04601,0.999849,0.000000,0.000151
id01599,0.006260,0.993738,0.000002
id06238,0.998324,0.001676,0.000000
id06826,0.006840,0.993156,0.000004
id23307,0.999588,0.000411,0.000000
id13575,1.000000,0.000000,0.000000
id24174,0.000103,0.000000,0.999897
id19534,0.008636,0.000004,0.991360
id19602,0.000002,0.000000,0.999998
id26962,0.035730,0.964153,0.000117
id04448,0.009127,0.990873,0.000000
id09786,0.239182,0.422886,0.337932
id25240,0.638083,0.014032,0.347884
id14893,1.000000,0.000000,0.000000
id24221,0.029447,0.970550,0.000004
id04696,0.002508,0.000000,0.997492
id15153,0.006528,0.993469,0.000003
id13882,0.002326,0.997674,0.000000
id17836,0.041505,0.958495,0.000000
id00574,0.003405,0.996595,0.000000
id02078,0.221210,0.474406,0.304385
id21206,0.214754,0.785207,0.000040
id20084,0.000505,0.000000,0.999495
id26598,0.000609,0.000000,0.999391
id06838,0.002003,0.000000,0.997997
id08786,0.001671,0.000000,0.998329
id09550,0.520588,0.000000,0.479412
id10206,0.999831,0.000000,0.000169
id21113,0.998961,0.000957,0.000082
id21151,0.993590,0.006363,0.000048
id02692,1.000000,0.000000,0.000000
id26446,1.000000,0.000000,0.000000
id07377,0.969312,0.030659,0.000029
id15998,0.954998,0.044966,0.000036
id19637,0.046326,0.953561,0.000112
id19735,0.011724,0.987927,0.000350
id13739,0.001352,0.000000,0.998648
id25175,0.999968,0.000013,0.000019
id00563,0.002619,0.000000,0.997381
id09982,0.505777,0.000005,0.494218
id15459,0.000920,0.999080,0.000000
id20785,0.000067,0.000000,0.999933
id07145,0.081042,0.012974,0.905984
id22204,0.006164,0.993834,0.000002
id09285,1.000000,0.000000,0.000000
id18157,0.000011,0.000000,0.999989
id12134,0.000007,0.000000,0.999993
id23914,1.000000,0.000000,0.000000
id10483,0.963944,0.032770,0.003286
id07092,1.000000,0.000000,0.000000
id14786,0.000466,0.000000,0.999534
id25741,1.000000,0.000000,0.000000
id09050,0.311775,0.680711,0.007514
id04938,0.999999,0.000001,0.000000
id05901,0.990439,0.008799,0.000762
id16975,0.006214,0.993785,0.000002
id08547,0.000283,0.000000,0.999717
id16355,0.998944,0.000000,0.001056
id14568,1.000000,0.000000,0.000000
id25599,0.140314,0.279903,0.579783
id01670,0.005111,0.994889,0.000000
id23945,0.004965,0.995034,0.000000
id17394,0.015805,0.000033,0.984162
id06501,0.025682,0.974200,0.000118
id26234,0.805851,0.194148,0.000000
id21280,0.000000,0.000000,1.000000
id20048,0.010179,0.000007,0.989814
id01216,0.001455,0.000000,0.998545
id25320,0.937475,0.000000,0.062525
id22833,0.003413,0.000000,0.996587
id22056,0.006577,0.993420,0.000003
id02275,0.005885,0.994114,0.000001
id26127,0.991304,0.000000,0.008696
id17011,0.007081,0.992914,0.000006
id13847,0.999997,0.000000,0.000003
id00013,0.004370,0.995630,0.000000
id16463,1.000000,0.000000,0.000000
id04845,0.004768,0.995232,0.000000
id01787,0.003393,0.000000,0.996607
id08637,0.999936,0.000058,0.000005
id11414,0.000022,0.000000,0.999978
id13177,0.002036,0.000000,0.997964
id24517,1.000000,0.000000,0.000000
id26838,0.596897,0.291798,0.111305
id23081,0.006414,0.993584,0.000002
id16327,0.919288,0.000002,0.080710
id27282,0.002756,0.997244,0.000000
id07489,0.622704,0.000000,0.377296
id01718,0.000006,0.000000,0.999994
id15441,0.974261,0.025547,0.000192
id27736,0.185737,0.742854,0.071410
id16324,0.006071,0.000001,0.993927
id12027,0.010604,0.000008,0.989388
id24653,0.002064,0.997936,0.000000
id17541,0.000059,0.000000,0.999941
id22406,0.139398,0.305792,0.554809
id18356,0.999205,0.000650,0.000145
id04505,0.177232,0.821613,0.001154
id04246,0.140802,0.235198,0.624000
id07368,0.110142,0.022515,0.867342
id26185,0.000028,0.000000,0.999972
id08878,0.040123,0.000056,0.959821
id27691,0.001865,0.000000,0.998135
id18004,0.750105,0.000000,0.249895
id24426,0.999321,0.000051,0.000628
id14164,0.867613,0.022367,0.110019
id12653,0.004898,0.995101,0.000000
id18060,0.000851,0.000000,0.999149
id18556,0.819025,0.094578,0.086398
id27371,0.003792,0.000000,0.996208
id11989,0.078323,0.920518,0.001159
id26095,0.969202,0.030798,0.000001
id24978,0.068925,0.871032,0.060043
id20322,0.110318,0.000693,0.888989
id01954,0.681713,0.000017,0.318270
id07434,0.088414,0.906905,0.004681
id18144,0.000306,0.000000,0.999694
id16250,0.015933,0.984037,0.000029
id17793,0.032460,0.000433,0.967106
id24067,0.033989,0.000512,0.965499
id13891,0.000014,0.000000,0.999986
id07334,0.006864,0.993132,0.000004
id15633,0.026974,0.971983,0.001044
id23239,0.999941,0.000000,0.000059
id10674,0.212949,0.690015,0.097036
id22093,0.965224,0.034740,0.000036
id08444,0.006389,0.993609,0.000002
id03257,0.904255,0.000011,0.095735
id10040,0.037083,0.954985,0.007932
id04902,0.362184,0.000000,0.637816
id01219,0.999816,0.000184,0.000000
id01340,0.999999,0.000001,0.000000
id05117,0.006167,0.993831,0.000002
id04908,0.000681,0.000000,0.999319
id03626,0.012410,0.000014,0.987576
id01888,0.999997,0.000000,0.000003
id17199,0.000272,0.000000,0.999728
id11200,0.002651,0.997349,0.000000
id27561,0.000728,0.000000,0.999272
id20966,0.005191,0.994809,0.000000
id10257,0.003217,0.996783,0.000000
id21168,0.003911,0.996089,0.000000
id23363,0.000009,0.000000,0.999991
id05321,0.999869,0.000000,0.000131
id09928,0.000000,0.000000,1.000000
id18015,0.999907,0.000093,0.000000
id02082,0.002281,0.997719,0.000000
id19279,0.239182,0.422886,0.337932
id08541,0.414739,0.518882,0.066379
id15249,0.002662,0.997338,0.000000
id03609,0.625611,0.289745,0.084644
id22902,0.000111,0.000000,0.999889
id17733,1.000000,0.000000,0.000000
id07554,0.029259,0.000298,0.970443
id14120,0.992764,0.000000,0.007236
id21802,0.222020,0.770891,0.007089
id15614,0.003770,0.996230,0.000000
id19437,0.000004,0.000000,0.999996
id22698,0.999993,0.000007,0.000000
id21841,0.003141,0.996859,0.000000
id16177,0.999343,0.000657,0.000000
id15887,0.017996,0.000052,0.981952
id22629,0.949280,0.049047,0.001672
id10346,0.998562,0.001438,0.000000
id05154,1.000000,0.000000,0.000000
id22913,0.009357,0.990588,0.000055
id10544,0.082434,0.013867,0.903700
id08703,0.971641,0.028358,0.000000
id12817,0.013189,0.000017,0.986794
id25433,0.999950,0.000016,0.000034
id25112,0.000001,0.000000,0.999999
id05054,0.938328,0.030870,0.030802
id02311,0.006282,0.993716,0.000002
id22160,0.006248,0.993750,0.000002
id17422,0.999998,0.000000,0.000002
id18985,0.999999,0.000001,0.000000
id21905,0.000060,0.000000,0.999940
id17474,1.000000,0.000000,0.000000
id15236,0.010315,0.989563,0.000122
id13964,0.999989,0.000010,0.000001
id15962,0.002551,0.997449,0.000000
id20866,0.002946,0.000000,0.997054
id06625,0.001237,0.000000,0.998763
id09793,0.999564,0.000071,0.000366
id17365,0.003756,0.996244,0.000000
id18463,0.121557,0.794813,0.083630
id20693,0.035101,0.000140,0.964759
id08785,0.004067,0.995933,0.000000
id06783,0.005503,0.994496,0.000001
id23178,0.000028,0.000000,0.999972
id13513,0.004606,0.995394,0.000000
id25361,0.008452,0.000003,0.991545
id22319,0.999979,0.000001,0.000020
id14024,0.000091,0.000000,0.999909
id24186,0.003316,0.996683,0.000000
id20965,0.999415,0.000045,0.000540
id06242,0.117542,0.062105,0.820353
id25665,0.101083,0.031647,0.867270
id09706,0.463097,0.366736,0.170167
id11026,0.001445,0.998555,0.000000
id04223,1.000000,0.000000,0.000000
id19674,0.008190,0.991792,0.000018
id23420,0.009982,0.000006,0.990012
id18059,0.002874,0.997126,0.000000
id22576,1.000000,0.000000,0.000000
id18495,0.003843,0.996157,0.000000
id14139,0.999994,0.000000,0.000006
id18313,0.004789,0.995211,0.000000
id27356,0.998994,0.000000,0.001006
id16035,0.829551,0.000000,0.170449
id04182,0.995624,0.001639,0.002737
id15667,1.000000,0.000000,0.000000
id08713,0.999990,0.000010,0.000000
id25563,0.005605,0.994394,0.000001
id17023,1.000000,0.000000,0.000000
id03014,0.012108,0.987436,0.000456
id23812,0.001885,0.998115,0.000000
id20057,0.121804,0.074103,0.804093
id12385,0.467696,0.001192,0.531112
id24416,0.601311,0.398658,0.000031
id15672,0.005593,0.994407,0.000001
id13868,1.000000,0.000000,0.000000
id21095,0.019445,0.000068,0.980486
id05305,0.008677,0.991294,0.000029
id15384,0.002461,0.000000,0.997539
id14049,0.000086,0.000000,0.999914
id23441,0.999997,0.000000,0.000002
id12856,0.000169,0.000000,0.999831
id16055,0.000071,0.000000,0.999929
id24771,0.841073,0.158813,0.000114
id14053,0.002395,0.000000,0.997605
id19547,0.013553,0.000019,0.986428
id03639,0.946248,0.048469,0.005283
id14546,0.014224,0.985746,0.000031
id13935,0.416861,0.146140,0.437000
id20335,0.015125,0.984783,0.000092
id07301,0.012147,0.987385,0.000468
id10186,0.999376,0.000000,0.000624
id00192,0.050078,0.000000,0.949922
id17851,0.005852,0.994146,0.000001
id08403,0.017960,0.000039,0.982001
id06183,0.996091,0.000970,0.002939
id24738,0.031948,0.967767,0.000285
id15112,0.074872,0.000000,0.925128
id19819,0.000108,0.000000,0.999892
id17722,0.000040,0.000000,0.999960
id24273,0.021983,0.951036,0.026981
id18939,0.000002,0.000000,0.999998
id16076,0.007660,0.992330,0.000011
id23158,0.026053,0.000196,0.973752
id12745,0.025466,0.000180,0.974354
id22538,0.010132,0.989763,0.000105
id14975,0.004369,0.995630,0.000000
id27537,0.186923,0.811642,0.001435
id06632,0.000118,0.000000,0.999882
id08100,0.004246,0.995754,0.000000
id00843,0.784244,0.000000,0.215756
id22159,0.000098,0.000000,0.999902
id18672,0.728437,0.000000,0.271563
id06916,0.006262,0.993736,0.000002
id22212,0.136462,0.000000,0.863538
id00273,0.285967,0.000041,0.713992
id26325,0.008044,0.991940,0.000016
id23683,0.007360,0.992633,0.000008
id14419,0.024303,0.974665,0.001032
id11931,0.935075,0.064549,0.000376
id00568,0.239182,0.422886,0.337932
id12271,0.999799,0.000000,0.000201
id12622,0.998977,0.001023,0.000000
id03156,0.130123,0.428808,0.441069
id25592,0.999662,0.000336,0.000001
id24367,0.999796,0.000000,0.000204
id16007,0.002399,0.000000,0.997601
id04785,0.239182,0.422886,0.337932
id07888,0.006982,0.000002,0.993016
id13557,0.004840,0.995160,0.000000
id20726,0.999639,0.000361,0.000000
id09580,0.999997,0.000000,0.000003
id05173,0.003791,0.996209,0.000000
id10394,0.001533,0.998467,0.000000
id03926,0.007669,0.992321,0.000011
id07264,1.000000,0.000000,0.000000
id01862,0.008954,0.991008,0.000038
id20808,0.004452,0.995548,0.000000
id26658,0.999944,0.000000,0.000056
id04479,0.262385,0.564421,0.173194
id17445,0.222849,0.327374,0.449777
id04430,0.005339,0.994660,0.000001
id06052,0.001990,0.000000,0.998010
id11485,0.991281,0.000056,0.008662
id13060,0.664952,0.000000,0.335048
id20873,0.996833,0.000002,0.003165
id21927,0.004071,0.995929,0.000000
id02736,0.010124,0.000006,0.989870
id11234,0.130131,0.106959,0.762910
id27894,1.000000,0.000000,0.000000
id23208,0.140327,0.000715,0.858958
id18470,0.217391,0.148716,0.633893
id23172,0.007571,0.992420,0.000010
id08752,0.109511,0.044767,0.845722
id14242,0.004365,0.000000,0.995634
id22908,0.999840,0.000001,0.000159
id17454,0.033550,0.966406,0.000044
id23797,0.999941,0.000025,0.000034
id03788,0.908184,0.003493,0.088323
id23682,0.000020,0.000000,0.999980
id07179,1.000000,0.000000,0.000000
id09746,0.954354,0.045646,0.000000
id26613,0.000574,0.000000,0.999426
id05142,1.000000,0.000000,0.000000
id04825,0.006492,0.993505,0.000003
id13691,0.000134,0.000000,0.999866
id14183,0.000010,0.000000,0.999990
id19519,0.000071,0.000000,0.999929
id26685,0.998656,0.000048,0.001296
id07937,0.005301,0.000001,0.994699
id10574,0.002482,0.997518,0.000000
id15310,0.007745,0.992243,0.000012
id27311,0.000000,0.000000,1.000000
id11590,0.964008,0.035963,0.000029
id19798,0.005561,0.994438,0.000001
id12201,0.999986,0.000008,0.000006
id12460,0.011604,0.000011,0.988385
id12019,0.997765,0.002235,0.000000
id08046,0.078185,0.909262,0.012553
id02989,0.029297,0.000299,0.970404
id26905,0.195485,0.012579,0.791936
id09779,1.000000,0.000000,0.000000
id04359,0.017690,0.000011,0.982299
id01526,0.993336,0.006664,0.000000
id22325,0.015114,0.984331,0.000554
id27878,0.090445,0.020033,0.889522
id06413,0.005717,0.994282,0.000001
id12616,0.015725,0.984247,0.000028
id05301,0.978145,0.000000,0.021855
id13258,0.014917,0.000002,0.985081
id08789,0.005291,0.994709,0.000001
id11776,0.002768,0.997232,0.000000
id21899,0.999876,0.000000,0.000124
id18108,0.281139,0.000000,0.718861
id23585,0.009057,0.000004,0.990939
id22122,0.000011,0.000000,0.999989
